0.006219170289619261
0.035346804295803
0.028549727688493558
0.006674867027582844
0.01666607251661358
0.026470638576124302
0.005857556394924236
0.023817240751890897
0.01000515983890139
0.09217055224448631
0.024233799899201627
0.27801970768471496
0.018379732091745055
0.0056456247062636605
0.08692676920715418
0.13212905113582413
0.15524377758641422
0.01866884877812769
0.006470893679082877
0.022504005607032206
0.20030645150253965
0.018775935298810272
0.014052221808785872
0.2556600209853685
0.012429123652048716
0.012887102067839794
0.0878023194329845
0.057580227035544176
0.017809249276401182
0.05429981801197728
0.013183454922159006
0.012830002234443893
0.012982425756649476
0.011818013864877727
0.055488532725401
0.019937279844159925
0.0932551175725681
0.012108939875527082
0.011847271630750006
0.024946492501163823
0.08389044070544072
0.0273862373521721
0.030327441511010574
0.2269927319397916
0.02379770827253455
0.023654705052496526
0.0253272599551983
0.2011225976915963
0.02279354773057476
0.029143070014645504
0.027375478489222532
0.042181018765698415
0.024000333524751435
0.02243671210941405
0.038494315061646044
0.03644475166975312
0.026319316776339825
0.03749598223711727
0.02283972118406666
0.027976629956529712
0.08235455138558527
0.045610478388533084
0.09135397549942303
0.02204873058818162
0.0213125427145759
0.016442359364965225
0.006173766828707999
0.018561036291696132
0.007689501019036621
0.08071994940081009
0.020208317507878954
0.1434845222244851
0.023100767172745357
0.005676106995958382
0.18880722734303423
0.10456562141875392
0.06914211301429142
0.03116056967333885
0.011786024837935083
0.009801838330063714
0.05908866719442291
0.027066849585324508
0.026731648381708686
0.15112082578655714
0.12281575228061159
0.02652752276466907
0.026658080265922833
0.16697630899437566
0.026029124684486038
0.032346139020943084
0.02677931223137276
0.026911423988593832
0.027417593348613396
0.02600322041836426
0.042445176211179866
0.02977747199230747
0.07001974941249124
0.02650058232790242
0.02597368955498543
0.0328108615551678
0.0735467960215229
0.026746892300047363
0.025022225586794313
0.21544455055787193
0.03689204770445599
0.030902785865691458
0.08568740148921138
0.058700298152849925
0.024322944569968866
0.041598242916928714
0.028963142406807824
0.099317800656868
0.025479354468022332
0.024272961263422703
0.06414071416924833
0.033650411901267926
0.02873797488993967
0.024398162167198527
0.02448065888674074
0.027694634025141118
0.16289692107778528
0.013201792992224367
0.01191473536162649
0.5036324388050639
0.011295417645889563
0.01133720666705139
0.011243015539988225
0.09678005642181174
0.011129367090902618
0.014654016754080897
0.012149549861488189
0.012722435331489751
0.013797231267297393
0.011085145904487986
0.02099334493255053
0.01325574283965022
0.022541086457062664
0.01113644248072896
0.01552605855017745
0.018707994018642326
0.035436468205026134
0.08947829871054272
0.02965526667220742
0.05441702582020223
0.040376246465098097
0.04671772625603987
0.00685096082817576
0.0111712393176525
0.008717381488763441
0.02701909208517688
0.03607118199474903
0.2923654165981931
0.011806204578765932
0.006345629068885684
0.023446312304080213
0.10295967995739069
0.11897312663558564
0.04546326122433122
0.006396426289774758
0.006333055499358685
0.05153829122405731
0.042917501111205444
0.04252129602346599
0.1127403241889865
0.041758850938656465
0.04212758802661566
0.04231403747966952
0.089358397466951
0.04203436330008873
0.04726243925826412
0.04211177311765127
0.04365497528712384
0.0419769302096391
0.04162067857612548
0.0444939978258662
0.05851100135009381
0.046658975626728195
0.04172638875709798
0.04174886257510001
0.04292332765661338
0.09542485937533682
0.01739289891590041
0.02257406399592263
0.1383837044592096
0.01695734559930217
0.015417996826809532
0.01500872435439925
0.13511779281068315
0.016448560267438597
0.17766707013176153
0.016024818566205728
0.01618457066402244
0.018385074606592004
0.014795524697054212
0.01623772293316663
0.09274687088162192
0.02919476969860006
0.01655014015958083
0.015377542044183118
0.11410994901220937
0.20963901776911928
0.02398936072216155
0.023325691208157008
0.20497533625850634
0.022355251279673933
0.023880105895776035
0.022099038000542418
0.11427497854535125
0.021667160098594984
0.02415260028629049
0.03901682652861427
0.022272988822160136
0.06330053260656737
0.021441795241031143
0.03348681851230916
0.0366290730092164
0.02512132641357536
0.022255850810178095
0.021627742671036287
0.024488505321138495
0.06750622104054563
0.1264760358477955
0.26235607732429633
0.07719670308753089
0.010375035527074021
0.07429995367356464
0.012372200314463495
0.05911061935749667
0.012774797028502491
0.009862054998952657
0.00978052742603198
0.012089026718967156
0.010185036300629884
0.00869302956634806
0.009515258606678133
0.036117931633306705
0.1624821930047952
0.015144659292100777
0.008785682437066015
0.014876956813853776
0.20524671269540412
0.030195102151958
0.024137985488015726
0.11909882464109492
0.02284393406995816
0.023295486312802788
0.05168565988726559
0.055449591106213364
0.02312732791612908
0.08053421447195062
0.0233582256130846
0.021881931465637
0.03573024490947402
0.02136550593270506
0.1083618683336826
0.03548825046552988
0.035798532583250144
0.02609869532131271
0.021707797897507885
0.03459410873702374
0.05022876061036019
0.05006247977497324
0.0500604883877231
0.04980260373882956
0.049789659721703634
0.04979762527070421
0.049810569287830134
0.05038807159037164
0.049790655415328705
0.05039603713937221
0.05075448684439798
0.04979862096432928
0.05021979936773455
0.04979364249620392
0.049918104199337864
0.049924078361088295
0.05004256590247181
0.04980957359420506
0.04982152191770592
0.049790655415328705
0.10607620191982269
0.03441732405865622
0.020562726609425833
0.3857197607854066
0.013165578754696742
0.027197332433314333
0.012689194216911115
0.10148764551201885
0.01955767427248075
0.020734047653391853
0.029424039190038918
0.03078760531926167
0.014739678373915882
0.011716818918324677
0.02188708029261821
0.04815451757721234
0.03141780534474976
0.020125321110253728
0.011970766187854693
0.03816888146964513
0.048392568542327784
0.04076695997855497
0.015308500260832908
0.2321118122270014
0.018019994594251888
0.015368564128745788
0.024976002260181103
0.13427055213154432
0.03561119990923682
0.018718515132201685
0.03232520580216964
0.016596536539409127
0.04699691783374099
0.014027971965745798
0.015024031108634404
0.0656139361521084
0.16895604548392013
0.014167564843950734
0.01636962859396047
0.026377492511481655
0.06750105217565408
0.009513302360550972
0.007689667430770928
0.12370861612682224
0.00699175829788625
0.0074427296364852295
0.4302684716416528
0.1266878055225261
0.00699366515344058
0.017237293191299834
0.018623440975329374
0.007653709583174996
0.0076361392712815295
0.006814829343238086
0.0475464898194344
0.0537210243083222
0.014311904363021712
0.006910853140795404
0.00767291434268646
0.025074333315626817
0.09725726217396898
0.026907493464229482
0.027521999419515136
0.3196467547600291
0.02665552475938052
0.026700177441252488
0.02712172002130571
0.11571636191211289
0.026619908929792165
0.0268639039414497
0.026793203861819086
0.026820314418669923
0.026964372475661632
0.026585356259296
0.026828288111861345
0.03738811579503568
0.02729501495333263
0.026611403657054646
0.026645424748004715
0.02705739889622823
0.17015645157792655
0.01944621247024422
0.019077178035526984
0.2041091413633958
0.019080221618493723
0.01910533117796933
0.0824947945220072
0.2324772368527678
0.01909924401203585
0.01985176990056234
0.019218324195609555
0.02032999287421138
0.01906005788133907
0.01902505667722156
0.02026493628829731
0.020158410884461405
0.019692362242679326
0.019036089665475993
0.019071471317464346
0.019245716442310216
0.039251529526189044
0.06411415608883919
0.03847839444158098
0.07441170389654259
0.036831660391314094
0.03717891598016348
0.036581228687825235
0.045746009836724354
0.03665475660076818
0.04619154530921035
0.052830169449079374
0.049950932858095494
0.06482686724498918
0.03640432489727932
0.03797170704149886
0.1532270745791437
0.03978442489524092
0.03655429271971742
0.036564484707650106
0.03644582084814812
