0.10416660808345998
0.012676852049496206
0.05331891973418988
0.06774783572331514
0.03587132827089216
0.07511634624848057
0.020787984605611463
0.05725545558775146
0.05557675912587891
0.1030794528882373
0.02317159681631161
0.03432594588445517
0.041927979722967475
0.03980160104708428
0.05674955231778599
0.06121084458237416
0.05094265705305594
0.07072107193208267
0.010087836464658988
0.02546337186191065
0.06821766972245594
0.023051707688930605
0.05447529810437675
0.05791995691572449
0.04083554483592445
0.08915142726307217
0.027791440935231233
0.053132386544033884
0.05121002851324143
0.09237966166035719
0.017852120785655342
0.040451690482996794
0.05471872734728866
0.038852233048586704
0.05653113714633801
0.07468532623183491
0.05101096434629604
0.0633105065372904
0.012450383449280495
0.03197178844108453
0.08121048467239167
0.013044575666694626
0.057077459222172534
0.07319358640407958
0.04376588875158525
0.07049136320608675
0.02074384385162085
0.06712885209821388
0.05461121188777212
0.10009512475025405
0.021682142637649688
0.037629936504905634
0.04714704987652336
0.032714835634404006
0.05060281106972246
0.060116928842744215
0.04867451526383106
0.07286532677728864
0.01283536692604041
0.0343686959560192
0.0855215366016051
0.011317190889057404
0.05460587183871577
0.08482096049944583
0.03478481055381529
0.06139685827518117
0.021222760387034897
0.06472293453492513
0.07077232753303928
0.09733546696401241
0.023751694015984728
0.04375495040183708
0.03490083101904408
0.04261169958184193
0.05922122063529838
0.05283939189338055
0.05047538702005224
0.0686666146853314
0.010158470673698418
0.027119021996698925
0.07417000599212452
0.016905501749172647
0.06251496151328008
0.06261722273026239
0.043301473313445256
0.07504373786075276
0.02351146699594414
0.06041300133800873
0.05287943935697928
0.09536391663742151
0.02030773790668828
0.04309312291948665
0.043341120041954444
0.03505755132781679
0.04927063007264511
0.07525824033327314
0.055883294249406086
0.06673255314951561
0.01182812295571556
0.03250689955610703
0.07889250819187126
0.01436850863602456
0.05271928392947501
0.06243834205617645
0.041759428383632204
0.08075981515471961
0.024195102539051584
0.06268538370449199
0.06270505760951621
0.09190456069436961
0.023655486075868242
0.036351861829568836
0.038763927298959146
0.03659756207526908
0.05678850328531857
0.06559995349804267
0.05457921317793929
0.07193472734874008
0.012083727370351575
0.031217047140614018
0.07287354851464423
0.0168567092493851
0.04645102018269672
0.05310183220044308
0.044670570244041426
0.07591996697271179
0.032911692706667675
0.060845800940812544
0.04689037615057652
0.10311305450084021
0.019971275562714053
0.03830537449339745
0.061448897830549076
0.04196419330267068
0.057359096168718274
0.06474139284447519
0.05205961192936347
0.06405805359956739
0.0118184196907762
0.034639112914948915
0.08377802905244147
0.014644468215794132
0.06248490398914989
0.06986374122817297
0.037076642850604434
0.06947662887670644
0.022262984338178946
0.06171421698191221
0.05958496638525772
0.0894855704025765
0.01874907964635425
0.04534689096246991
0.04821879232797623
0.035415960048802514
0.05262039331216317
0.06739106882188985
0.056773648058534715
0.06690737737793954
0.009255673247812488
0.028948963875262617
0.0795792831669619
0.011362440620550899
0.05489994441708665
0.07772280661655813
0.03241286169417227
0.06200836333585138
0.02068675052943223
0.06320043481087774
0.07658244228314831
0.09198111883387808
0.02116008368044733
0.04596149112891994
0.04406607575032858
0.03987978949850592
0.05694378011986277
0.05980687065662274
0.05439473576020636
0.0675205619651684
0.009464489690356627
0.03036567544106373
0.08744233163677669
0.013647523973874484
0.056056925664606044
0.0670476091657747
0.03730782673278141
0.0683868695253282
0.023060027523536992
0.05390124292798008
0.059848347495576576
0.09844743222875117
0.020403787762948076
0.04091209943423841
0.05091024268769523
0.040350925096660044
0.05761140479259049
0.06939147862557067
0.054469243539614236
0.06461248607440093
0.01000950217348566
0.026182692937809914
0.09625748966188064
0.0111369294750471
0.05428553125230154
0.06444737201061768
0.03366877837835011
0.07000200029372505
0.02094403404770112
0.05547677371361285
0.06430617480649664
0.09154917301581975
0.025959367453957292
0.04413654641226184
0.047781743985936063
0.03854683672504416
0.05378218936724042
0.07067965971473807
0.0576348248086974
0.06734845160269722
0.008085283111289109
0.023970840162585966
0.07316886972539777
0.014013497966877517
0.05013500828049053
0.06076972277068569
0.0408129212587386
0.06943387039257094
0.021979519734150344
0.06862090751679183
0.05983437978514683
0.09444024950456213
0.021493250626401485
0.055334667332886125
0.05572573746046056
0.03867731681414272
0.048679712395037274
0.06516422214239842
0.05088008335893215
0.0664546105048173
0.011622859095885401
0.032758593333626386
0.08147305822578202
0.012253993079831545
0.05490945214006159
0.07690285850254838
0.03908716660512441
0.07619630923601516
0.02322294337368136
0.05078610193708426
0.05004198815630112
0.09099246680109904
0.01962605703459445
0.03718057127440474
0.057780614490416056
0.04043511593586493
0.048731154808297074
0.07063799458869155
0.054310438303873596
0.07443705650745779
0.011264644694079642
0.029730014304791292
0.08837899088816631
0.012493419290855807
0.04573988636906388
0.06619522582632509
0.035563198688849045
0.06362962132144397
0.024378542246140257
0.05819694740960212
0.05856871387318135
0.1016713525430114
0.02314222757205776
0.03901750079558828
0.04742081817064604
0.06075772203621228
0.06046766101338359
0.057567855764808544
0.050045857010917134
0.06717944768732012
0.011531066045365437
0.028053945447061582
0.07940319618164665
0.013073240938115438
0.054585999084732835
0.07085389463356626
0.04093353432943796
0.06573269331439809
0.02485126908615966
0.05946736032273905
0.05783161851970091
0.09873862059981017
0.022050589746049152
0.03852215371239137
0.04471733849089719
0.04212280900168594
0.06956622158341219
0.05970071050118751
0.04765602370341526
0.0674890709561106
0.011441125845417198
0.03126252944912656
0.07411483042411207
0.014592041076816714
0.052088924169098445
0.05943918856663481
0.040969456559488
0.0767323080451979
0.023063184149163123
0.05658178153746829
0.054438766535718955
0.09758973633699072
0.02061693510195429
0.040189424227409586
0.05021378604256778
0.03909600977823081
0.053657928801129365
0.08560349454484771
0.0551453461587777
0.06540134173615142
0.011479885233363766
0.02898563097487853
0.08096963312783456
0.01424774181337895
0.05184146311468001
0.05937601218709065
0.039411669818903525
0.07742540400310209
0.022624193473027458
0.06019450389633071
0.05029150494310317
0.10230020272634985
0.02018244877586297
0.037858155564592835
0.05731190372024534
0.03553682377999939
0.049807778911224274
0.06726330491068355
0.06026611945138731
0.07418215776975925
0.011054972198841526
0.02785400581360259
0.08545056469099865
0.01427718008975263
0.058281242766265354
0.06916577011543495
0.03755380746939461
0.0664892067208751
0.020702329559104088
0.061554739222402365
0.057282541124465264
0.09615827701241106
0.02192183885172037
0.039477966490519587
0.047377674979890455
0.034385877953407896
0.05351798565072729
0.0653798709257975
0.05776891680872138
0.07604527969519331
0.01010502106309978
0.027103908809818354
0.07134295307433132
0.015433194819700393
0.055561447222608695
0.05770239254653309
0.04254113329512939
0.06374821587889673
0.025022936962513755
0.05887478023811632
0.057091875304650534
0.11212307249247677
0.024755866073435252
0.044989039877721425
0.03858906789827372
0.0491823933637992
0.06043147758793637
0.06256609882887712
0.049455788335861346
0.06421133334046819
0.015687131074889792
0.030689801783780574
0.07085066086039
0.016408864633011878
0.05833092198379031
0.06173675364815648
0.04476434713818144
0.07486811077736788
0.025026464598888496
0.05762604279195057
0.05326663609780325
0.09729049860804434
0.01936556173539811
0.043678652444493926
0.045261558075809935
0.04266236124046448
0.058480392520111196
0.06609128040943721
0.052461447174817086
0.06472291108599652
0.012176697669904351
0.034929836505982526
